109802
141770
155796
195893
163387
206372
176354
155948
155568
210608
225423
245166
177076
209234
147972
246787
122597
173081
119988
176995
261303
216170
170605
258995
158710
306790
186142
244628
199615
277064
216936
182069
244055
181744
260367
182921
179052
225656
261255
216141
242757
198651
232604
191159
241093
173825
147623
211320
98164
180287
131775
177287
140092
240859
316468
214221
137815
215161
216693
149270
196931
240375
292061
208110
204475
208995
372474
115640
196417
120048
173250
166613
105966
230618
113560
155888
166400
217461
217893
274457
102071
201401
218544
189988
137792
117560
179237
324779
290763
133075
185507
260864
193650
296690
194504
146705
207859
161618
204308
196215
